totAmp = [%156
    105
    104
    96
    87
    87
    74
    67
    65
    55
    47
    37
    18]

Sec = [%600
    775
    740
    580
    1110
    1330
    1200
    1030
    1580
    1750
    1595
    1960
    2310]

AvgCurr = totAmp./Sec