
totPwr = [191272
    131860
    124770
    110680
    90695
    82175
    82345
    59149];

totCurr = [385
    273
    259
    182
    165
    164
    160
    115];